0 30 0 30
12 62 12 62
21 71 21 71
0 82 0 32 82
22 72 22 72
0 68 0 18 68
0 54 0 4 54
31 81 31 81
49 99 49 99
0 2 0 2
0 73 0 23 73
13 63 13 63
0 59 0 9 59
0 14 0 14
0 78 0 28 78
0 60 0 10 60
0 11 0 11
0 23 0 23
32 82 32 82
18 68 18 68
0 64 0 14 64
4 54 4 54
0 29 0 29
0 65 0 15 65
0 32 0 32
0 51 0 1 51
0 61 0 11 61
23 73 23 73
14 64 14 64
0 72 0 22 72
9 59 9 59
0 79 0 29 79
1 51 1 51
28 78 28 78
0 1 0 1
0 52 0 2 52
10 60 10 60
0 4 0 4
0 10 0 10
0 75 0 25 75
0 93 0 43 93
0 84 0 34 84
0 13 0 13
0 16 0 16
15 65 15 65
0 28 0 28
0 22 0 22
0 25 0 25
0 31 0 31
0 80 0 30 80
0 34 0 34
43 93 43 93
0 99 0 49 99
0 66 0 16 66
0 43 0 43
29 79 29 79
0 62 0 12 62
0 71 0 21 71
0 49 0 49
2 52 2 52
11 61 11 61
0 81 0 31 81
34 84 34 84
0 9 0 9
30 80 30 80
0 12 0 12
0 15 0 15
0 21 0 21
16 66 16 66
0 18 0 18
0 63 0 13 63
25 75 25 75
